0 0.09798 0.13795 0.10398 0.17329
0 0.18856 0.13795 0.10398 0.17329
0 0.27914 0.13795 0.10398 0.17329
0 0.36973 0.13795 0.10398 0.17329
0 0.46031 0.13795 0.10398 0.17329
0 0.55089 0.13795 0.10398 0.17329
0 0.64147 0.13795 0.10398 0.17329
0 0.73205 0.13795 0.10398 0.17329
0 0.82264 0.13795 0.10398 0.17329
0 0.91322 0.13795 0.10398 0.17329
0 0.09798 0.29154 0.10398 0.17329
0 0.18856 0.29154 0.10398 0.17329
0 0.27914 0.29154 0.10398 0.17329
0 0.36973 0.29154 0.10398 0.17329
0 0.46031 0.29154 0.10398 0.17329
0 0.55089 0.29154 0.10398 0.17329
0 0.64147 0.29154 0.10398 0.17329
0 0.73205 0.29154 0.10398 0.17329
0 0.82264 0.29154 0.10398 0.17329
0 0.91322 0.29154 0.10398 0.17329
0 0.09798 0.44512 0.10398 0.17329
0 0.18856 0.44512 0.10398 0.17329
0 0.27914 0.44512 0.10398 0.17329
0 0.36973 0.44512 0.10398 0.17329
0 0.46031 0.44512 0.10398 0.17329
0 0.55089 0.44512 0.10398 0.17329
0 0.64147 0.44512 0.10398 0.17329
0 0.73205 0.44512 0.10398 0.17329
0 0.82264 0.44512 0.10398 0.17329
0 0.91322 0.44512 0.10398 0.17329
0 0.09798 0.59871 0.10398 0.17329
0 0.18856 0.59871 0.10398 0.17329
0 0.27914 0.59871 0.10398 0.17329
0 0.36973 0.59871 0.10398 0.17329
0 0.46031 0.59871 0.10398 0.17329
0 0.55089 0.59871 0.10398 0.17329
0 0.64147 0.59871 0.10398 0.17329
0 0.73205 0.59871 0.10398 0.17329
0 0.82264 0.59871 0.10398 0.17329
0 0.91322 0.59871 0.10398 0.17329
0 0.09798 0.75229 0.10398 0.17329
0 0.18856 0.75229 0.10398 0.17329
0 0.27914 0.75229 0.10398 0.17329
0 0.36973 0.75229 0.10398 0.17329
0 0.46031 0.75229 0.10398 0.17329
0 0.55089 0.75229 0.10398 0.17329
0 0.64147 0.75229 0.10398 0.17329
0 0.73205 0.75229 0.10398 0.17329
0 0.82264 0.75229 0.10398 0.17329
0 0.91322 0.75229 0.10398 0.17329
0 0.09798 0.90588 0.10398 0.17329
0 0.18856 0.90588 0.10398 0.17329
0 0.27914 0.90588 0.10398 0.17329
0 0.36973 0.90588 0.10398 0.17329
0 0.46031 0.90588 0.10398 0.17329
0 0.55089 0.90588 0.10398 0.17329
0 0.64147 0.90588 0.10398 0.17329
0 0.73205 0.90588 0.10398 0.17329
0 0.82264 0.90588 0.10398 0.17329
0 0.91322 0.90588 0.10398 0.17329