0 0.04694 0.10112 0.09352 0.18454
0 0.12937 0.10112 0.09352 0.18454
0 0.21179 0.10112 0.09352 0.18454
0 0.29421 0.10112 0.09352 0.18454
0 0.37664 0.10112 0.09352 0.18454
0 0.45906 0.10112 0.09352 0.18454
0 0.54148 0.10112 0.09352 0.18454
0 0.62391 0.10112 0.09352 0.18454
0 0.70633 0.10112 0.09352 0.18454
0 0.78876 0.10112 0.09352 0.18454
0 0.87118 0.10112 0.09352 0.18454
0 0.9536 0.10112 0.09352 0.18454
0 0.04694 0.25536 0.09352 0.18454
0 0.12937 0.25536 0.09352 0.18454
0 0.21179 0.25536 0.09352 0.18454
0 0.29421 0.25536 0.09352 0.18454
0 0.37664 0.25536 0.09352 0.18454
0 0.45906 0.25536 0.09352 0.18454
0 0.54148 0.25536 0.09352 0.18454
0 0.62391 0.25536 0.09352 0.18454
0 0.70633 0.25536 0.09352 0.18454
0 0.78876 0.25536 0.09352 0.18454
0 0.87118 0.25536 0.09352 0.18454
0 0.9536 0.25536 0.09352 0.18454
0 0.04694 0.4096 0.09352 0.18454
0 0.12937 0.4096 0.09352 0.18454
0 0.21179 0.4096 0.09352 0.18454
0 0.29421 0.4096 0.09352 0.18454
0 0.37664 0.4096 0.09352 0.18454
0 0.45906 0.4096 0.09352 0.18454
0 0.54148 0.4096 0.09352 0.18454
0 0.62391 0.4096 0.09352 0.18454
0 0.70633 0.4096 0.09352 0.18454
0 0.78876 0.4096 0.09352 0.18454
0 0.87118 0.4096 0.09352 0.18454
0 0.9536 0.4096 0.09352 0.18454
0 0.04694 0.56384 0.09352 0.18454
0 0.12937 0.56384 0.09352 0.18454
0 0.21179 0.56384 0.09352 0.18454
0 0.29421 0.56384 0.09352 0.18454
0 0.37664 0.56384 0.09352 0.18454
0 0.45906 0.56384 0.09352 0.18454
0 0.54148 0.56384 0.09352 0.18454
0 0.62391 0.56384 0.09352 0.18454
0 0.70633 0.56384 0.09352 0.18454
0 0.78876 0.56384 0.09352 0.18454
0 0.87118 0.56384 0.09352 0.18454
0 0.9536 0.56384 0.09352 0.18454
0 0.04694 0.71808 0.09352 0.18454
0 0.12937 0.71808 0.09352 0.18454
0 0.21179 0.71808 0.09352 0.18454
0 0.29421 0.71808 0.09352 0.18454
0 0.37664 0.71808 0.09352 0.18454
0 0.45906 0.71808 0.09352 0.18454
0 0.54148 0.71808 0.09352 0.18454
0 0.62391 0.71808 0.09352 0.18454
0 0.70633 0.71808 0.09352 0.18454
0 0.78876 0.71808 0.09352 0.18454
0 0.87118 0.71808 0.09352 0.18454
0 0.9536 0.71808 0.09352 0.18454
0 0.04694 0.87232 0.09352 0.18454
0 0.12937 0.87232 0.09352 0.18454
0 0.21179 0.87232 0.09352 0.18454
0 0.29421 0.87232 0.09352 0.18454
0 0.37664 0.87232 0.09352 0.18454
0 0.45906 0.87232 0.09352 0.18454
0 0.54148 0.87232 0.09352 0.18454
0 0.62391 0.87232 0.09352 0.18454
0 0.70633 0.87232 0.09352 0.18454
0 0.78876 0.87232 0.09352 0.18454
0 0.87118 0.87232 0.09352 0.18454
0 0.9536 0.87232 0.09352 0.18454