0 0.10298 0.13795 0.10198 0.17329
0 0.19356 0.13795 0.10198 0.17329
0 0.28414 0.13795 0.10198 0.17329
0 0.37473 0.13795 0.10198 0.17329
0 0.46531 0.13795 0.10198 0.17329
0 0.55589 0.13795 0.10198 0.17329
0 0.64647 0.13795 0.10198 0.17329
0 0.73705 0.13795 0.10198 0.17329
0 0.82763 0.13795 0.10198 0.17329
0 0.91822 0.13795 0.10198 0.17329
0 0.10298 0.29154 0.10198 0.17329
0 0.19356 0.29154 0.10198 0.17329
0 0.28414 0.29154 0.10198 0.17329
0 0.37473 0.29154 0.10198 0.17329
0 0.46531 0.29154 0.10198 0.17329
0 0.55589 0.29154 0.10198 0.17329
0 0.64647 0.29154 0.10198 0.17329
0 0.73705 0.29154 0.10198 0.17329
0 0.82763 0.29154 0.10198 0.17329
0 0.91822 0.29154 0.10198 0.17329
0 0.10298 0.44512 0.10198 0.17329
0 0.19356 0.44512 0.10198 0.17329
0 0.28414 0.44512 0.10198 0.17329
0 0.37473 0.44512 0.10198 0.17329
0 0.46531 0.44512 0.10198 0.17329
0 0.55589 0.44512 0.10198 0.17329
0 0.64647 0.44512 0.10198 0.17329
0 0.73705 0.44512 0.10198 0.17329
0 0.82763 0.44512 0.10198 0.17329
0 0.91822 0.44512 0.10198 0.17329
0 0.10298 0.59871 0.10198 0.17329
0 0.19356 0.59871 0.10198 0.17329
0 0.28414 0.59871 0.10198 0.17329
0 0.37473 0.59871 0.10198 0.17329
0 0.46531 0.59871 0.10198 0.17329
0 0.55589 0.59871 0.10198 0.17329
0 0.64647 0.59871 0.10198 0.17329
0 0.73705 0.59871 0.10198 0.17329
0 0.82763 0.59871 0.10198 0.17329
0 0.91822 0.59871 0.10198 0.17329
0 0.10298 0.75229 0.10198 0.17329
0 0.19356 0.75229 0.10198 0.17329
0 0.28414 0.75229 0.10198 0.17329
0 0.37473 0.75229 0.10198 0.17329
0 0.46531 0.75229 0.10198 0.17329
0 0.55589 0.75229 0.10198 0.17329
0 0.64647 0.75229 0.10198 0.17329
0 0.73705 0.75229 0.10198 0.17329
0 0.82763 0.75229 0.10198 0.17329
0 0.91822 0.75229 0.10198 0.17329
0 0.10298 0.90588 0.10198 0.17329
0 0.19356 0.90588 0.10198 0.17329
0 0.28414 0.90588 0.10198 0.17329
0 0.37473 0.90588 0.10198 0.17329
0 0.46531 0.90588 0.10198 0.17329
0 0.55589 0.90588 0.10198 0.17329
0 0.64647 0.90588 0.10198 0.17329
0 0.73705 0.90588 0.10198 0.17329
0 0.82763 0.90588 0.10198 0.17329
0 0.91822 0.90588 0.10198 0.17329