0 0.07292 0.127 0.09578 0.16714
0 0.15194 0.127 0.09578 0.16714
0 0.23095 0.127 0.09578 0.16714
0 0.30997 0.127 0.09578 0.16714
0 0.38899 0.127 0.09578 0.16714
0 0.468 0.127 0.09578 0.16714
0 0.54702 0.127 0.09578 0.16714
0 0.62603 0.127 0.09578 0.16714
0 0.70505 0.127 0.09578 0.16714
0 0.78407 0.127 0.09578 0.16714
0 0.86308 0.127 0.09578 0.16714
0 0.9421 0.127 0.09578 0.16714
0 0.07292 0.27366 0.09578 0.16714
0 0.15194 0.27366 0.09578 0.16714
0 0.23095 0.27366 0.09578 0.16714
0 0.30997 0.27366 0.09578 0.16714
0 0.38899 0.27366 0.09578 0.16714
0 0.468 0.27366 0.09578 0.16714
0 0.54702 0.27366 0.09578 0.16714
0 0.62603 0.27366 0.09578 0.16714
0 0.70505 0.27366 0.09578 0.16714
0 0.78407 0.27366 0.09578 0.16714
0 0.86308 0.27366 0.09578 0.16714
0 0.9421 0.27366 0.09578 0.16714
0 0.07292 0.42032 0.09578 0.16714
0 0.15194 0.42032 0.09578 0.16714
0 0.23095 0.42032 0.09578 0.16714
0 0.30997 0.42032 0.09578 0.16714
0 0.38899 0.42032 0.09578 0.16714
0 0.468 0.42032 0.09578 0.16714
0 0.54702 0.42032 0.09578 0.16714
0 0.62603 0.42032 0.09578 0.16714
0 0.70505 0.42032 0.09578 0.16714
0 0.78407 0.42032 0.09578 0.16714
0 0.86308 0.42032 0.09578 0.16714
0 0.9421 0.42032 0.09578 0.16714
0 0.07292 0.56698 0.09578 0.16714
0 0.15194 0.56698 0.09578 0.16714
0 0.23095 0.56698 0.09578 0.16714
0 0.30997 0.56698 0.09578 0.16714
0 0.38899 0.56698 0.09578 0.16714
0 0.468 0.56698 0.09578 0.16714
0 0.54702 0.56698 0.09578 0.16714
0 0.62603 0.56698 0.09578 0.16714
0 0.70505 0.56698 0.09578 0.16714
0 0.78407 0.56698 0.09578 0.16714
0 0.86308 0.56698 0.09578 0.16714
0 0.9421 0.56698 0.09578 0.16714
0 0.07292 0.71364 0.09578 0.16714
0 0.15194 0.71364 0.09578 0.16714
0 0.23095 0.71364 0.09578 0.16714
0 0.30997 0.71364 0.09578 0.16714
0 0.38899 0.71364 0.09578 0.16714
0 0.468 0.71364 0.09578 0.16714
0 0.54702 0.71364 0.09578 0.16714
0 0.62603 0.71364 0.09578 0.16714
0 0.70505 0.71364 0.09578 0.16714
0 0.78407 0.71364 0.09578 0.16714
0 0.86308 0.71364 0.09578 0.16714
0 0.9421 0.71364 0.09578 0.16714
0 0.07292 0.8603 0.09578 0.16714
0 0.15194 0.8603 0.09578 0.16714
0 0.23095 0.8603 0.09578 0.16714
0 0.30997 0.8603 0.09578 0.16714
0 0.38899 0.8603 0.09578 0.16714
0 0.468 0.8603 0.09578 0.16714
0 0.54702 0.8603 0.09578 0.16714
0 0.62603 0.8603 0.09578 0.16714
0 0.70505 0.8603 0.09578 0.16714
0 0.78407 0.8603 0.09578 0.16714
0 0.86308 0.8603 0.09578 0.16714
0 0.9421 0.8603 0.09578 0.16714