0 0.05905 0.10451 0.09151 0.16788
0 0.13956 0.10451 0.09151 0.16788
0 0.22007 0.10451 0.09151 0.16788
0 0.30059 0.10451 0.09151 0.16788
0 0.3811 0.10451 0.09151 0.16788
0 0.46161 0.10451 0.09151 0.16788
0 0.54212 0.10451 0.09151 0.16788
0 0.62263 0.10451 0.09151 0.16788
0 0.70314 0.10451 0.09151 0.16788
0 0.78365 0.10451 0.09151 0.16788
0 0.86416 0.10451 0.09151 0.16788
0 0.94467 0.10451 0.09151 0.16788
0 0.05905 0.25348 0.09151 0.16788
0 0.13956 0.25348 0.09151 0.16788
0 0.22007 0.25348 0.09151 0.16788
0 0.30059 0.25348 0.09151 0.16788
0 0.3811 0.25348 0.09151 0.16788
0 0.46161 0.25348 0.09151 0.16788
0 0.54212 0.25348 0.09151 0.16788
0 0.62263 0.25348 0.09151 0.16788
0 0.70314 0.25348 0.09151 0.16788
0 0.78365 0.25348 0.09151 0.16788
0 0.86416 0.25348 0.09151 0.16788
0 0.94467 0.25348 0.09151 0.16788
0 0.05905 0.40246 0.09151 0.16788
0 0.13956 0.40246 0.09151 0.16788
0 0.22007 0.40246 0.09151 0.16788
0 0.30059 0.40246 0.09151 0.16788
0 0.3811 0.40246 0.09151 0.16788
0 0.46161 0.40246 0.09151 0.16788
0 0.54212 0.40246 0.09151 0.16788
0 0.62263 0.40246 0.09151 0.16788
0 0.70314 0.40246 0.09151 0.16788
0 0.78365 0.40246 0.09151 0.16788
0 0.86416 0.40246 0.09151 0.16788
0 0.94467 0.40246 0.09151 0.16788
0 0.05905 0.55143 0.09151 0.16788
0 0.13956 0.55143 0.09151 0.16788
0 0.22007 0.55143 0.09151 0.16788
0 0.30059 0.55143 0.09151 0.16788
0 0.3811 0.55143 0.09151 0.16788
0 0.46161 0.55143 0.09151 0.16788
0 0.54212 0.55143 0.09151 0.16788
0 0.62263 0.55143 0.09151 0.16788
0 0.70314 0.55143 0.09151 0.16788
0 0.78365 0.55143 0.09151 0.16788
0 0.86416 0.55143 0.09151 0.16788
0 0.94467 0.55143 0.09151 0.16788
0 0.05905 0.7004 0.09151 0.16788
0 0.13956 0.7004 0.09151 0.16788
0 0.22007 0.7004 0.09151 0.16788
0 0.30059 0.7004 0.09151 0.16788
0 0.3811 0.7004 0.09151 0.16788
0 0.46161 0.7004 0.09151 0.16788
0 0.54212 0.7004 0.09151 0.16788
0 0.62263 0.7004 0.09151 0.16788
0 0.70314 0.7004 0.09151 0.16788
0 0.78365 0.7004 0.09151 0.16788
0 0.86416 0.7004 0.09151 0.16788
0 0.94467 0.7004 0.09151 0.16788
0 0.05905 0.84937 0.09151 0.16788
0 0.13956 0.84937 0.09151 0.16788
0 0.22007 0.84937 0.09151 0.16788
0 0.30059 0.84937 0.09151 0.16788
0 0.3811 0.84937 0.09151 0.16788
0 0.46161 0.84937 0.09151 0.16788
0 0.54212 0.84937 0.09151 0.16788
0 0.62263 0.84937 0.09151 0.16788
0 0.70314 0.84937 0.09151 0.16788
0 0.78365 0.84937 0.09151 0.16788
0 0.86416 0.84937 0.09151 0.16788
0 0.94467 0.84937 0.09151 0.16788
0 0.05905 0.99834 0.09151 0.16788
0 0.13956 0.99834 0.09151 0.16788
0 0.22007 0.99834 0.09151 0.16788
0 0.30059 0.99834 0.09151 0.16788
0 0.3811 0.99834 0.09151 0.16788
0 0.46161 0.99834 0.09151 0.16788
0 0.54212 0.99834 0.09151 0.16788
0 0.62263 0.99834 0.09151 0.16788
0 0.70314 0.99834 0.09151 0.16788
0 0.78365 0.99834 0.09151 0.16788
0 0.86416 0.99834 0.09151 0.16788
0 0.94467 0.99834 0.09151 0.16788