0 0.06953 0.15071 0.09037 0.15532
0 0.14894 0.15071 0.09037 0.15532
0 0.22834 0.15071 0.09037 0.15532
0 0.30774 0.15071 0.09037 0.15532
0 0.38715 0.15071 0.09037 0.15532
0 0.46655 0.15071 0.09037 0.15532
0 0.54595 0.15071 0.09037 0.15532
0 0.62536 0.15071 0.09037 0.15532
0 0.70476 0.15071 0.09037 0.15532
0 0.78416 0.15071 0.09037 0.15532
0 0.86357 0.15071 0.09037 0.15532
0 0.94297 0.15071 0.09037 0.15532
0 0.06953 0.28874 0.09037 0.15532
0 0.14894 0.28874 0.09037 0.15532
0 0.22834 0.28874 0.09037 0.15532
0 0.30774 0.28874 0.09037 0.15532
0 0.38715 0.28874 0.09037 0.15532
0 0.46655 0.28874 0.09037 0.15532
0 0.54595 0.28874 0.09037 0.15532
0 0.62536 0.28874 0.09037 0.15532
0 0.70476 0.28874 0.09037 0.15532
0 0.78416 0.28874 0.09037 0.15532
0 0.86357 0.28874 0.09037 0.15532
0 0.94297 0.28874 0.09037 0.15532
0 0.06953 0.42676 0.09037 0.15532
0 0.14894 0.42676 0.09037 0.15532
0 0.22834 0.42676 0.09037 0.15532
0 0.30774 0.42676 0.09037 0.15532
0 0.38715 0.42676 0.09037 0.15532
0 0.46655 0.42676 0.09037 0.15532
0 0.54595 0.42676 0.09037 0.15532
0 0.62536 0.42676 0.09037 0.15532
0 0.70476 0.42676 0.09037 0.15532
0 0.78416 0.42676 0.09037 0.15532
0 0.86357 0.42676 0.09037 0.15532
0 0.94297 0.42676 0.09037 0.15532
0 0.06953 0.56478 0.09037 0.15532
0 0.14894 0.56478 0.09037 0.15532
0 0.22834 0.56478 0.09037 0.15532
0 0.30774 0.56478 0.09037 0.15532
0 0.38715 0.56478 0.09037 0.15532
0 0.46655 0.56478 0.09037 0.15532
0 0.54595 0.56478 0.09037 0.15532
0 0.62536 0.56478 0.09037 0.15532
0 0.70476 0.56478 0.09037 0.15532
0 0.78416 0.56478 0.09037 0.15532
0 0.86357 0.56478 0.09037 0.15532
0 0.94297 0.56478 0.09037 0.15532
0 0.06953 0.70281 0.09037 0.15532
0 0.14894 0.70281 0.09037 0.15532
0 0.22834 0.70281 0.09037 0.15532
0 0.30774 0.70281 0.09037 0.15532
0 0.38715 0.70281 0.09037 0.15532
0 0.46655 0.70281 0.09037 0.15532
0 0.54595 0.70281 0.09037 0.15532
0 0.62536 0.70281 0.09037 0.15532
0 0.70476 0.70281 0.09037 0.15532
0 0.78416 0.70281 0.09037 0.15532
0 0.86357 0.70281 0.09037 0.15532
0 0.94297 0.70281 0.09037 0.15532
0 0.06953 0.84083 0.09037 0.15532
0 0.14894 0.84083 0.09037 0.15532
0 0.22834 0.84083 0.09037 0.15532
0 0.30774 0.84083 0.09037 0.15532
0 0.38715 0.84083 0.09037 0.15532
0 0.46655 0.84083 0.09037 0.15532
0 0.54595 0.84083 0.09037 0.15532
0 0.62536 0.84083 0.09037 0.15532
0 0.70476 0.84083 0.09037 0.15532
0 0.78416 0.84083 0.09037 0.15532
0 0.86357 0.84083 0.09037 0.15532
0 0.94297 0.84083 0.09037 0.15532
0 0.06953 0.97885 0.09037 0.15532
0 0.14894 0.97885 0.09037 0.15532
0 0.22834 0.97885 0.09037 0.15532
0 0.30774 0.97885 0.09037 0.15532
0 0.38715 0.97885 0.09037 0.15532
0 0.46655 0.97885 0.09037 0.15532
0 0.54595 0.97885 0.09037 0.15532
0 0.62536 0.97885 0.09037 0.15532
0 0.70476 0.97885 0.09037 0.15532
0 0.78416 0.97885 0.09037 0.15532
0 0.86357 0.97885 0.09037 0.15532
0 0.94297 0.97885 0.09037 0.15532