0 0.06069 0.11444 0.0898 0.17166
0 0.14091 0.11444 0.0898 0.17166
0 0.22112 0.11444 0.0898 0.17166
0 0.30133 0.11444 0.0898 0.17166
0 0.38154 0.11444 0.0898 0.17166
0 0.46176 0.11444 0.0898 0.17166
0 0.54197 0.11444 0.0898 0.17166
0 0.62218 0.11444 0.0898 0.17166
0 0.7024 0.11444 0.0898 0.17166
0 0.78261 0.11444 0.0898 0.17166
0 0.86282 0.11444 0.0898 0.17166
0 0.94303 0.11444 0.0898 0.17166
0 0.06069 0.26414 0.0898 0.17166
0 0.14091 0.26414 0.0898 0.17166
0 0.22112 0.26414 0.0898 0.17166
0 0.30133 0.26414 0.0898 0.17166
0 0.38154 0.26414 0.0898 0.17166
0 0.46176 0.26414 0.0898 0.17166
0 0.54197 0.26414 0.0898 0.17166
0 0.62218 0.26414 0.0898 0.17166
0 0.7024 0.26414 0.0898 0.17166
0 0.78261 0.26414 0.0898 0.17166
0 0.86282 0.26414 0.0898 0.17166
0 0.94303 0.26414 0.0898 0.17166
0 0.06069 0.41384 0.0898 0.17166
0 0.14091 0.41384 0.0898 0.17166
0 0.22112 0.41384 0.0898 0.17166
0 0.30133 0.41384 0.0898 0.17166
0 0.38154 0.41384 0.0898 0.17166
0 0.46176 0.41384 0.0898 0.17166
0 0.54197 0.41384 0.0898 0.17166
0 0.62218 0.41384 0.0898 0.17166
0 0.7024 0.41384 0.0898 0.17166
0 0.78261 0.41384 0.0898 0.17166
0 0.86282 0.41384 0.0898 0.17166
0 0.94303 0.41384 0.0898 0.17166
0 0.06069 0.56354 0.0898 0.17166
0 0.14091 0.56354 0.0898 0.17166
0 0.22112 0.56354 0.0898 0.17166
0 0.30133 0.56354 0.0898 0.17166
0 0.38154 0.56354 0.0898 0.17166
0 0.46176 0.56354 0.0898 0.17166
0 0.54197 0.56354 0.0898 0.17166
0 0.62218 0.56354 0.0898 0.17166
0 0.7024 0.56354 0.0898 0.17166
0 0.78261 0.56354 0.0898 0.17166
0 0.86282 0.56354 0.0898 0.17166
0 0.94303 0.56354 0.0898 0.17166
0 0.06069 0.71324 0.0898 0.17166
0 0.14091 0.71324 0.0898 0.17166
0 0.22112 0.71324 0.0898 0.17166
0 0.30133 0.71324 0.0898 0.17166
0 0.38154 0.71324 0.0898 0.17166
0 0.46176 0.71324 0.0898 0.17166
0 0.54197 0.71324 0.0898 0.17166
0 0.62218 0.71324 0.0898 0.17166
0 0.7024 0.71324 0.0898 0.17166
0 0.78261 0.71324 0.0898 0.17166
0 0.86282 0.71324 0.0898 0.17166
0 0.94303 0.71324 0.0898 0.17166
0 0.06069 0.86294 0.0898 0.17166
0 0.14091 0.86294 0.0898 0.17166
0 0.22112 0.86294 0.0898 0.17166
0 0.30133 0.86294 0.0898 0.17166
0 0.38154 0.86294 0.0898 0.17166
0 0.46176 0.86294 0.0898 0.17166
0 0.54197 0.86294 0.0898 0.17166
0 0.62218 0.86294 0.0898 0.17166
0 0.7024 0.86294 0.0898 0.17166
0 0.78261 0.86294 0.0898 0.17166
0 0.86282 0.86294 0.0898 0.17166
0 0.94303 0.86294 0.0898 0.17166