0 0.05941 0.08328 0.0908 0.16589
0 0.13974 0.08328 0.0908 0.16589
0 0.22007 0.08328 0.0908 0.16589
0 0.30041 0.08328 0.0908 0.16589
0 0.38074 0.08328 0.0908 0.16589
0 0.46107 0.08328 0.0908 0.16589
0 0.54141 0.08328 0.0908 0.16589
0 0.62174 0.08328 0.0908 0.16589
0 0.70207 0.08328 0.0908 0.16589
0 0.78241 0.08328 0.0908 0.16589
0 0.86274 0.08328 0.0908 0.16589
0 0.94308 0.08328 0.0908 0.16589
0 0.05941 0.23159 0.0908 0.16589
0 0.13974 0.23159 0.0908 0.16589
0 0.22007 0.23159 0.0908 0.16589
0 0.30041 0.23159 0.0908 0.16589
0 0.38074 0.23159 0.0908 0.16589
0 0.46107 0.23159 0.0908 0.16589
0 0.54141 0.23159 0.0908 0.16589
0 0.62174 0.23159 0.0908 0.16589
0 0.70207 0.23159 0.0908 0.16589
0 0.78241 0.23159 0.0908 0.16589
0 0.86274 0.23159 0.0908 0.16589
0 0.94308 0.23159 0.0908 0.16589
0 0.05941 0.37989 0.0908 0.16589
0 0.13974 0.37989 0.0908 0.16589
0 0.22007 0.37989 0.0908 0.16589
0 0.30041 0.37989 0.0908 0.16589
0 0.38074 0.37989 0.0908 0.16589
0 0.46107 0.37989 0.0908 0.16589
0 0.54141 0.37989 0.0908 0.16589
0 0.62174 0.37989 0.0908 0.16589
0 0.70207 0.37989 0.0908 0.16589
0 0.78241 0.37989 0.0908 0.16589
0 0.86274 0.37989 0.0908 0.16589
0 0.94308 0.37989 0.0908 0.16589
0 0.05941 0.5282 0.0908 0.16589
0 0.13974 0.5282 0.0908 0.16589
0 0.22007 0.5282 0.0908 0.16589
0 0.30041 0.5282 0.0908 0.16589
0 0.38074 0.5282 0.0908 0.16589
0 0.46107 0.5282 0.0908 0.16589
0 0.54141 0.5282 0.0908 0.16589
0 0.62174 0.5282 0.0908 0.16589
0 0.70207 0.5282 0.0908 0.16589
0 0.78241 0.5282 0.0908 0.16589
0 0.86274 0.5282 0.0908 0.16589
0 0.94308 0.5282 0.0908 0.16589
0 0.05941 0.67651 0.0908 0.16589
0 0.13974 0.67651 0.0908 0.16589
0 0.22007 0.67651 0.0908 0.16589
0 0.30041 0.67651 0.0908 0.16589
0 0.38074 0.67651 0.0908 0.16589
0 0.46107 0.67651 0.0908 0.16589
0 0.54141 0.67651 0.0908 0.16589
0 0.62174 0.67651 0.0908 0.16589
0 0.70207 0.67651 0.0908 0.16589
0 0.78241 0.67651 0.0908 0.16589
0 0.86274 0.67651 0.0908 0.16589
0 0.94308 0.67651 0.0908 0.16589
0 0.05941 0.82482 0.0908 0.16589
0 0.13974 0.82482 0.0908 0.16589
0 0.22007 0.82482 0.0908 0.16589
0 0.30041 0.82482 0.0908 0.16589
0 0.38074 0.82482 0.0908 0.16589
0 0.46107 0.82482 0.0908 0.16589
0 0.54141 0.82482 0.0908 0.16589
0 0.62174 0.82482 0.0908 0.16589
0 0.70207 0.82482 0.0908 0.16589
0 0.78241 0.82482 0.0908 0.16589
0 0.86274 0.82482 0.0908 0.16589
0 0.94308 0.82482 0.0908 0.16589
0 0.05941 0.97313 0.0908 0.16589
0 0.13974 0.97313 0.0908 0.16589
0 0.22007 0.97313 0.0908 0.16589
0 0.30041 0.97313 0.0908 0.16589
0 0.38074 0.97313 0.0908 0.16589
0 0.46107 0.97313 0.0908 0.16589
0 0.54141 0.97313 0.0908 0.16589
0 0.62174 0.97313 0.0908 0.16589
0 0.70207 0.97313 0.0908 0.16589
0 0.78241 0.97313 0.0908 0.16589
0 0.86274 0.97313 0.0908 0.16589
0 0.94308 0.97313 0.0908 0.16589