0 0.09898 0.14033 0.10398 0.17125
0 0.18936 0.14033 0.10398 0.17125
0 0.27974 0.14033 0.10398 0.17125
0 0.37013 0.14033 0.10398 0.17125
0 0.46051 0.14033 0.10398 0.17125
0 0.55089 0.14033 0.10398 0.17125
0 0.64127 0.14033 0.10398 0.17125
0 0.73165 0.14033 0.10398 0.17125
0 0.82204 0.14033 0.10398 0.17125
0 0.91242 0.14033 0.10398 0.17125
0 0.09898 0.2929 0.10398 0.17125
0 0.18936 0.2929 0.10398 0.17125
0 0.27974 0.2929 0.10398 0.17125
0 0.37013 0.2929 0.10398 0.17125
0 0.46051 0.2929 0.10398 0.17125
0 0.55089 0.2929 0.10398 0.17125
0 0.64127 0.2929 0.10398 0.17125
0 0.73165 0.2929 0.10398 0.17125
0 0.82204 0.2929 0.10398 0.17125
0 0.91242 0.2929 0.10398 0.17125
0 0.09898 0.44546 0.10398 0.17125
0 0.18936 0.44546 0.10398 0.17125
0 0.27974 0.44546 0.10398 0.17125
0 0.37013 0.44546 0.10398 0.17125
0 0.46051 0.44546 0.10398 0.17125
0 0.55089 0.44546 0.10398 0.17125
0 0.64127 0.44546 0.10398 0.17125
0 0.73165 0.44546 0.10398 0.17125
0 0.82204 0.44546 0.10398 0.17125
0 0.91242 0.44546 0.10398 0.17125
0 0.09898 0.59803 0.10398 0.17125
0 0.18936 0.59803 0.10398 0.17125
0 0.27974 0.59803 0.10398 0.17125
0 0.37013 0.59803 0.10398 0.17125
0 0.46051 0.59803 0.10398 0.17125
0 0.55089 0.59803 0.10398 0.17125
0 0.64127 0.59803 0.10398 0.17125
0 0.73165 0.59803 0.10398 0.17125
0 0.82204 0.59803 0.10398 0.17125
0 0.91242 0.59803 0.10398 0.17125
0 0.09898 0.75059 0.10398 0.17125
0 0.18936 0.75059 0.10398 0.17125
0 0.27974 0.75059 0.10398 0.17125
0 0.37013 0.75059 0.10398 0.17125
0 0.46051 0.75059 0.10398 0.17125
0 0.55089 0.75059 0.10398 0.17125
0 0.64127 0.75059 0.10398 0.17125
0 0.73165 0.75059 0.10398 0.17125
0 0.82204 0.75059 0.10398 0.17125
0 0.91242 0.75059 0.10398 0.17125
0 0.09898 0.90316 0.10398 0.17125
0 0.18936 0.90316 0.10398 0.17125
0 0.27974 0.90316 0.10398 0.17125
0 0.37013 0.90316 0.10398 0.17125
0 0.46051 0.90316 0.10398 0.17125
0 0.55089 0.90316 0.10398 0.17125
0 0.64127 0.90316 0.10398 0.17125
0 0.73165 0.90316 0.10398 0.17125
0 0.82204 0.90316 0.10398 0.17125
0 0.91242 0.90316 0.10398 0.17125