0 0.05217 0.10328 0.08938 0.171
0 0.13408 0.10328 0.08938 0.171
0 0.21598 0.10328 0.08938 0.171
0 0.29788 0.10328 0.08938 0.171
0 0.37979 0.10328 0.08938 0.171
0 0.46169 0.10328 0.08938 0.171
0 0.5436 0.10328 0.08938 0.171
0 0.6255 0.10328 0.08938 0.171
0 0.70741 0.10328 0.08938 0.171
0 0.78931 0.10328 0.08938 0.171
0 0.87121 0.10328 0.08938 0.171
0 0.95312 0.10328 0.08938 0.171
0 0.05217 0.25752 0.08938 0.171
0 0.13408 0.25752 0.08938 0.171
0 0.21598 0.25752 0.08938 0.171
0 0.29788 0.25752 0.08938 0.171
0 0.37979 0.25752 0.08938 0.171
0 0.46169 0.25752 0.08938 0.171
0 0.5436 0.25752 0.08938 0.171
0 0.6255 0.25752 0.08938 0.171
0 0.70741 0.25752 0.08938 0.171
0 0.78931 0.25752 0.08938 0.171
0 0.87121 0.25752 0.08938 0.171
0 0.95312 0.25752 0.08938 0.171
0 0.05217 0.41176 0.08938 0.171
0 0.13408 0.41176 0.08938 0.171
0 0.21598 0.41176 0.08938 0.171
0 0.29788 0.41176 0.08938 0.171
0 0.37979 0.41176 0.08938 0.171
0 0.46169 0.41176 0.08938 0.171
0 0.5436 0.41176 0.08938 0.171
0 0.6255 0.41176 0.08938 0.171
0 0.70741 0.41176 0.08938 0.171
0 0.78931 0.41176 0.08938 0.171
0 0.87121 0.41176 0.08938 0.171
0 0.95312 0.41176 0.08938 0.171
0 0.05217 0.56601 0.08938 0.171
0 0.13408 0.56601 0.08938 0.171
0 0.21598 0.56601 0.08938 0.171
0 0.29788 0.56601 0.08938 0.171
0 0.37979 0.56601 0.08938 0.171
0 0.46169 0.56601 0.08938 0.171
0 0.5436 0.56601 0.08938 0.171
0 0.6255 0.56601 0.08938 0.171
0 0.70741 0.56601 0.08938 0.171
0 0.78931 0.56601 0.08938 0.171
0 0.87121 0.56601 0.08938 0.171
0 0.95312 0.56601 0.08938 0.171
0 0.05217 0.72025 0.08938 0.171
0 0.13408 0.72025 0.08938 0.171
0 0.21598 0.72025 0.08938 0.171
0 0.29788 0.72025 0.08938 0.171
0 0.37979 0.72025 0.08938 0.171
0 0.46169 0.72025 0.08938 0.171
0 0.5436 0.72025 0.08938 0.171
0 0.6255 0.72025 0.08938 0.171
0 0.70741 0.72025 0.08938 0.171
0 0.78931 0.72025 0.08938 0.171
0 0.87121 0.72025 0.08938 0.171
0 0.95312 0.72025 0.08938 0.171
0 0.05217 0.87449 0.08938 0.171
0 0.13408 0.87449 0.08938 0.171
0 0.21598 0.87449 0.08938 0.171
0 0.29788 0.87449 0.08938 0.171
0 0.37979 0.87449 0.08938 0.171
0 0.46169 0.87449 0.08938 0.171
0 0.5436 0.87449 0.08938 0.171
0 0.6255 0.87449 0.08938 0.171
0 0.70741 0.87449 0.08938 0.171
0 0.78931 0.87449 0.08938 0.171
0 0.87121 0.87449 0.08938 0.171
0 0.95312 0.87449 0.08938 0.171