0 0.05515 0.10153 0.09151 0.16589
0 0.13531 0.10153 0.09151 0.16589
0 0.21546 0.10153 0.09151 0.16589
0 0.29562 0.10153 0.09151 0.16589
0 0.37578 0.10153 0.09151 0.16589
0 0.45593 0.10153 0.09151 0.16589
0 0.53609 0.10153 0.09151 0.16589
0 0.61624 0.10153 0.09151 0.16589
0 0.6964 0.10153 0.09151 0.16589
0 0.77656 0.10153 0.09151 0.16589
0 0.85671 0.10153 0.09151 0.16589
0 0.93687 0.10153 0.09151 0.16589
0 0.05515 0.2505 0.09151 0.16589
0 0.13531 0.2505 0.09151 0.16589
0 0.21546 0.2505 0.09151 0.16589
0 0.29562 0.2505 0.09151 0.16589
0 0.37578 0.2505 0.09151 0.16589
0 0.45593 0.2505 0.09151 0.16589
0 0.53609 0.2505 0.09151 0.16589
0 0.61624 0.2505 0.09151 0.16589
0 0.6964 0.2505 0.09151 0.16589
0 0.77656 0.2505 0.09151 0.16589
0 0.85671 0.2505 0.09151 0.16589
0 0.93687 0.2505 0.09151 0.16589
0 0.05515 0.39947 0.09151 0.16589
0 0.13531 0.39947 0.09151 0.16589
0 0.21546 0.39947 0.09151 0.16589
0 0.29562 0.39947 0.09151 0.16589
0 0.37578 0.39947 0.09151 0.16589
0 0.45593 0.39947 0.09151 0.16589
0 0.53609 0.39947 0.09151 0.16589
0 0.61624 0.39947 0.09151 0.16589
0 0.6964 0.39947 0.09151 0.16589
0 0.77656 0.39947 0.09151 0.16589
0 0.85671 0.39947 0.09151 0.16589
0 0.93687 0.39947 0.09151 0.16589
0 0.05515 0.54844 0.09151 0.16589
0 0.13531 0.54844 0.09151 0.16589
0 0.21546 0.54844 0.09151 0.16589
0 0.29562 0.54844 0.09151 0.16589
0 0.37578 0.54844 0.09151 0.16589
0 0.45593 0.54844 0.09151 0.16589
0 0.53609 0.54844 0.09151 0.16589
0 0.61624 0.54844 0.09151 0.16589
0 0.6964 0.54844 0.09151 0.16589
0 0.77656 0.54844 0.09151 0.16589
0 0.85671 0.54844 0.09151 0.16589
0 0.93687 0.54844 0.09151 0.16589
0 0.05515 0.69741 0.09151 0.16589
0 0.13531 0.69741 0.09151 0.16589
0 0.21546 0.69741 0.09151 0.16589
0 0.29562 0.69741 0.09151 0.16589
0 0.37578 0.69741 0.09151 0.16589
0 0.45593 0.69741 0.09151 0.16589
0 0.53609 0.69741 0.09151 0.16589
0 0.61624 0.69741 0.09151 0.16589
0 0.6964 0.69741 0.09151 0.16589
0 0.77656 0.69741 0.09151 0.16589
0 0.85671 0.69741 0.09151 0.16589
0 0.93687 0.69741 0.09151 0.16589
0 0.05515 0.84638 0.09151 0.16589
0 0.13531 0.84638 0.09151 0.16589
0 0.21546 0.84638 0.09151 0.16589
0 0.29562 0.84638 0.09151 0.16589
0 0.37578 0.84638 0.09151 0.16589
0 0.45593 0.84638 0.09151 0.16589
0 0.53609 0.84638 0.09151 0.16589
0 0.61624 0.84638 0.09151 0.16589
0 0.6964 0.84638 0.09151 0.16589
0 0.77656 0.84638 0.09151 0.16589
0 0.85671 0.84638 0.09151 0.16589
0 0.93687 0.84638 0.09151 0.16589
0 0.05515 0.99536 0.09151 0.16589
0 0.13531 0.99536 0.09151 0.16589
0 0.21546 0.99536 0.09151 0.16589
0 0.29562 0.99536 0.09151 0.16589
0 0.37578 0.99536 0.09151 0.16589
0 0.45593 0.99536 0.09151 0.16589
0 0.53609 0.99536 0.09151 0.16589
0 0.61624 0.99536 0.09151 0.16589
0 0.6964 0.99536 0.09151 0.16589
0 0.77656 0.99536 0.09151 0.16589
0 0.85671 0.99536 0.09151 0.16589
0 0.93687 0.99536 0.09151 0.16589